0.025 0.00339184303199 6.44832472401e-06
1.035 0.00315055276778 0.000176678971471
2.035 0.00297442467146 0.000183748116211
3.035 0.00289330834152 0.000203651997838
4.035 0.00282188961034 0.000209642299735
5.035 0.00281387903825 0.000208430093184
6.035 0.00263154513619 0.000249465159858
7.035 0.00251426058392 0.000276015660034
8.035 0.00249531213846 0.000282033615187
9.035 0.0024089515028 0.000297441551544
10.035 0.00236807585686 0.000308571604505
11.035 0.00230403293593 0.000318253089446
12.035 0.00218717252657 0.000344408587765
13.035 0.00215652228299 0.000350268400462
14.035 0.00212026327902 0.000357804976999
15.035 0.00204107388694 0.00037727130315
16.035 0.00200425998523 0.000384704193566
17.035 0.00194990714474 0.000395070256525
18.035 0.0018696515233 0.000418556710798
19.035 0.00185466252228 0.000418499372148
20.035 0.00179433031532 0.0004301672031
21.035 0.00176816548344 0.000437003665106
22.035 0.00170078115157 0.000450862951339
23.035 0.00162570232308 0.000471838141678
24.035 0.00162351454643 0.000469641031881
25.035 0.00158360720603 0.000478726683128
26.035 0.00157138515188 0.000479294907812
27.035 0.0014856751281 0.000499379863922
28.035 0.00141193350999 0.000515274930189
29.035 0.00138023359704 0.000526568339223
30.035 0.00137342772755 0.00052487176524
31.035 0.00131170605459 0.000536495883741
32.035 0.00129020466669 0.000545419308412
33.035 0.00125641380573 0.000550689318254
34.035 0.00118657343595 0.000568226925178
35.035 0.00118919437876 0.00056724145993
