0.025 0.00344625577248 -8.18708229507e-07
1.035 0.00324621798343 0.000104751242217
2.035 0.00302423344785 0.000175779873267
3.035 0.00298223585512 0.000180521006209
4.035 0.00290266665978 0.000192274202987
5.035 0.00283686383551 0.000204259703584
6.035 0.00277739478819 0.000216433070137
7.035 0.00272003207482 0.00022800308818
8.035 0.0026434437317 0.000243862933624
9.035 0.00258051887966 0.000258305391169
10.035 0.00253881818484 0.00026603468834
11.035 0.0024969905006 0.000275471280631
12.035 0.00243625449589 0.000287265578073
13.035 0.00239465243873 0.000297042067372
14.035 0.00235180860889 0.00030820776787
15.035 0.00229268165491 0.000319812828638
16.035 0.00224703348648 0.000329779437423
17.035 0.00222391697381 0.000337476475205
18.035 0.00218238570116 0.000342723146308
19.035 0.00211085671611 0.000361232881563
20.035 0.00209040993042 0.000369778766799
21.035 0.00203041113042 0.000375090425613
22.035 0.00200183551714 0.000384527059123
23.035 0.00195358215689 0.000397974632223
24.035 0.00189626305753 0.000407131700647
25.035 0.00188236522538 0.000410655578714
26.035 0.00183227010744 0.000424785696335
27.035 0.00178879422201 0.000432298876736
28.035 0.00176780087453 0.000435151055855
29.035 0.00170490437459 0.000453528131939
30.035 0.0016912170132 0.00045370474791
31.035 0.00167647320536 0.000456311987197
32.035 0.00163125506223 0.000467542373259
33.035 0.00159472258308 0.000477995181888
34.035 0.00159395671895 0.000477955037541
