0.0233333333333 0.00336276171662 -7.70229457122e-07
1.03333333333 0.00310355099142 0.000160182359775
2.03333333333 0.00294619124866 0.000173541815679
3.03333333333 0.00272892578297 0.000200008083441
4.03333333333 0.00279891691671 0.000203894866268
5.03333333333 0.00269626432186 0.000226736234562
6.03333333333 0.00263710312667 0.000241001719138
7.03333333333 0.00259732684875 0.000248721659265
8.03333333333 0.00251608108011 0.000266075283767
9.03333333333 0.00247084350357 0.000276660136038
10.0333333333 0.00238374172422 0.000298633686315
11.0333333333 0.00235766380607 0.000305397535815
12.0333333333 0.00227647503765 0.000325658290869
13.0333333333 0.00226157048551 0.000329130917727
14.0333333333 0.00216306264814 0.000352300603903
15.0333333333 0.0021514922333 0.000354023004963
16.0333333333 0.00207219109139 0.000373470185327
17.0333333333 0.00205356728521 0.000378459990904
18.0333333333 0.00201097757994 0.000387962013753
19.0333333333 0.00195650663209 0.000401054364665
20.0333333333 0.00192146096444 0.000409466892149
21.0333333333 0.00184538695223 0.000424213689182
22.0333333333 0.00182171704711 0.000431008915454
23.0333333333 0.00175096473478 0.000449543502405
24.0333333333 0.00175675362791 0.000449813543788
25.0333333333 0.00170762035787 0.000460555480182
26.0333333333 0.00167318094585 0.000469811187651
27.0333333333 0.00164301265944 0.000476727763802
28.0333333333 0.00159143211989 0.00049235595749
29.0333333333 0.00152782844578 0.000497294060249
30.0333333333 0.00147921833052 0.000509771021438
31.0333333333 0.00150180001562 0.000512308613456
32.0333333333 0.00140390339298 0.000527405579406
33.0333333333 0.00138884897773 0.000529973088593
34.0333333333 0.0013609847716 0.000536648898237
35.0333333333 0.00131920685461 0.00054563181329
36.0333333333 0.00127966602794 0.000555485718306
37.0333333333 0.00124901421553 0.000564935314128
38.0333333333 0.0012226994489 0.000571179737625
39.0333333333 0.00119666626013 0.000578742357027
